5 0.361719 0.381250 0.275781 0.237500
5 0.809375 0.324219 0.247656 0.250000
5 0.385156 0.825000 0.150000 0.163281
5 0.071875 0.812500 0.103125 0.170313
5 0.140625 0.793750 0.081250 0.139063
5 0.196094 0.785937 0.067187 0.125781
5 0.240625 0.775781 0.050781 0.102344
5 0.275000 0.767188 0.050000 0.082812
5 0.301563 0.762500 0.030469 0.075000
5 0.323437 0.757812 0.029687 0.073438
5 0.339844 0.751563 0.023438 0.061719
5 0.352344 0.748437 0.021094 0.057031
5 0.367969 0.746094 0.019531 0.050781
5 0.385156 0.743750 0.015625 0.043750
5 0.394531 0.744531 0.011719 0.045312
5 0.401562 0.742188 0.014844 0.040625
5 0.408594 0.742969 0.014844 0.037500
5 0.685937 0.800000 0.243750 0.198437
