5 0.23297916666666665 0.1991388888888889 0.163875 0.37156481481481485
5 0.5150833333333333 0.14417592592592593 0.10605729166666666 0.2883611111111111
5 0.7910520833333333 0.4213240740740741 0.20561458333333332 0.7658148148148148
5 0.6735104166666667 0.7746296296296297 0.37380208333333337 0.45075
5 0.8676041666666666 0.8028518518518519 0.1905625 0.39428703703703705
5 0.48515625 0.7460277777777778 0.2767135416666667 0.5079351851851852
5 0.35959375 0.2701574074074074 0.18049479166666668 0.48084259259259254
5 0.28475 0.4884351851851852 0.19004166666666666 0.22290740740740742
5 0.3470052083333333 0.5435648148148148 0.22079166666666666 0.24057407407407408
5 0.41573958333333333 0.665138888888889 0.22730729166666666 0.44139814814814815
