5 0.25284060846560846 0.5705423280423281 0.07007936507936507 0.12855489417989419
5 0.3402579365079365 0.5906580687830688 0.07049603174603175 0.15268849206349208
5 0.3903406084656085 0.5709854497354497 0.06869047619047619 0.15090939153439153
5 0.46009259259259255 0.5756812169312169 0.09549272486772487 0.14151785714285714
5 0.3952579365079365 0.6036210317460318 0.07315806878306878 0.18397817460317462
5 0.5262665343915344 0.5953472222222222 0.13124338624338625 0.1862202380952381
5 0.5698677248677249 0.5707638888888888 0.10842261904761905 0.14241402116402116
5 0.6284424603174603 0.6210515873015873 0.10750661375661376 0.2188425925925926
5 0.7502910052910053 0.5899834656084656 0.12311507936507937 0.1862202380952381
5 0.6771825396825397 0.590654761904762 0.10301917989417989 0.16341931216931216
5 0.629563492063492 0.5899867724867724 0.09632936507936508 0.15939484126984127
