5 0.8195625 0.6946388888888889 0.243609375 0.6107222222222223
5 0.674671875 0.3740277777777778 0.058210937500000004 0.3798055555555555
5 0.657328125 0.32 0.07277343750000001 0.28238888888888886
5 0.5257265624999999 0.22275 0.0427421875 0.17094444444444445
5 0.5700624999999999 0.19680555555555554 0.0426875 0.13151388888888887
5 0.640015625 0.23355555555555554 0.035578125 0.19501388888888888
5 0.6256875 0.181125 0.017468749999999998 0.12405555555555554
5 0.6178671875 0.15872222222222224 0.0156953125 0.09580555555555556
5 0.437 0.5137361111111111 0.076359375 0.24880555555555553
5 0.3753515625 0.4881666666666667 0.046164062500000005 0.192625
5 0.3208046875 0.4675 0.0611171875 0.15634722222222222
5 0.269203125 0.4400277777777778 0.028242187499999998 0.13052777777777777
5 0.244875 0.4278194444444444 0.028679687500000002 0.10520833333333333
5 0.2036015625 0.4100277777777778 0.022296875 0.10070833333333334
5 0.2910625 0.7000416666666667 0.16493750000000001 0.4413333333333333
